673410:
  AMPA.g0: 2.059634E-04
  AMPA.slope: 7.893371E-06
  AMPA.tau: 1.153015E+02
  NMDA.Kd: 9.447045E+00
  NMDA.g_unit: 2.185033E-02
  NMDA.gamma: 1.172836E-01
  NMDA.vshift: -2.428011E-02
  ais.gbar_nax: 2.433189E-01
  ais.gkmbar: 1.506359E-02
  ais.sha_nax: -2.389434E+00
  axon.gbar_nax: 6.064874E-02
  axon.gkabar: 1.126833E-02
  axon.gkdrbar: 3.784794E-02
  dend.g_pas slope: 7.357856E-05
  dend.g_pas tau: 2.611354E+02
  dend.gbar_nas: 2.637877E-02
  dend.gbar_nas min: 7.633486E-03
  dend.gkabar: 2.200914E-01
  dend.gkdrbar: 1.001099E-03
  e_pas: -7.524530E+01
  soma.gCa factor: 7.087685E-01
  soma.gCadepK factor: 2.098194E+00
  soma.g_pas: 1.855709E-08
  soma.gbar_nas: 4.452218E-02
  soma.gkabar: 6.383676E-02
  soma.gkdrbar: 3.279958E-02
  soma.sh_nas/x: 6.229154E+00
  soma.tau_Cacum: 4.756741E+01
