0:
  AMPA.g0: 1.863348E-04
  AMPA.slope: 3.435182E-06
  AMPA.tau: 3.184192E+02
  NMDA.Kd: 6.034749E+00
  NMDA.g_unit: 3.046559E-03
  NMDA.gamma: 8.192873E-02
  NMDA.vshift: 6.962977E+00
  ais.gbar_nax: 3.751934E-01
  ais.gkmbar: 3.619096E-02
  ais.sha_nax: -3.259466E+00
  axon.gbar_nax: 6.113244E-02
  axon.gkabar: 2.006215E-02
  axon.gkdrbar: 7.490770E-02
  dend.g_pas slope: 3.174126E-05
  dend.g_pas tau: 2.911842E+02
  dend.gbar_nas: 1.837070E-02
  dend.gbar_nas min: 1.462890E-02
  dend.gkabar: 1.026244E-01
  dend.gkdrbar: 1.359056E-03
  e_pas: -7.400570E+01
  soma.gCa factor: 2.524325E-02
  soma.gCadepK factor: 4.237601E-01
  soma.g_pas: 2.429531E-08
  soma.gbar_nas: 4.944154E-02
  soma.gkabar: 7.173713E-02
  soma.gkdrbar: 6.344238E-02
  soma.sh_nas/x: 6.907464E+00
  soma.tau_Cacum: 1.829317E+01
