118936:
  AMPA.g0: 3.374453E-04
  AMPA.slope: 8.938494E-06
  AMPA.tau: 1.769525E+02
  NMDA.Kd: 6.590444E+00
  NMDA.g_unit: 6.484437E-04
  NMDA.gamma: 8.923679E-02
  NMDA.vshift: -3.005552E+01
  ais.gbar_nax: 4.398775E-01
  ais.gkmbar: 3.728998E-03
  ais.sha_nax: -3.713798E+00
  axon.gbar_nax: 4.900915E-02
  axon.gkabar: 1.229175E-02
  axon.gkdrbar: 3.639831E-02
  dend.g_pas slope: 3.284363E-06
  dend.g_pas tau: 2.396535E+02
  dend.gbar_nas: 2.283509E-02
  dend.gbar_nas min: 4.917980E-03
  dend.gkabar: 5.574643E-02
  dend.gkdrbar: 5.361370E-03
  e_pas: -7.088013E+01
  soma.gCa factor: 1.889840E+00
  soma.gCadepK factor: 7.508985E+00
  soma.g_pas: 2.507670E-08
  soma.gbar_nas: 4.680110E-02
  soma.gkabar: 1.817115E-02
  soma.gkdrbar: 3.132206E-02
  soma.sh_nas/x: 7.968863E+00
  soma.tau_Cacum: 1.649231E+01
